  0.10000000   0.00343942   0.00073121
  0.14974874   0.00653025   0.00083483
  0.19949749   0.00759334   0.00094969
  0.24924623   0.00875287   0.00107268
  0.29899497   0.01517936   0.00120168
  0.34874372   0.01380433   0.00133516
  0.39849246   0.01807468   0.00147193
  0.44824121   0.02176558   0.00161103
  0.49798995   0.02540775   0.00175168
  0.54773869   0.02596793   0.00189325
  0.59748744   0.03024005   0.00203517
  0.64723618   0.02790719   0.00217700
  0.69698492   0.03472808   0.00231833
  0.74673367   0.03553040   0.00245881
  0.79648241   0.03579315   0.00259815
  0.84623116   0.04596495   0.00273609
  0.89597990   0.04987243   0.00287241
  0.94572864   0.04907169   0.00300690
  0.99547739   0.04756537   0.00313941
  1.04522613   0.06151593   0.00326977
  1.09497487   0.05481416   0.00339786
  1.14472362   0.06191565   0.00352357
  1.19447236   0.06066342   0.00364680
  1.24422111   0.06852378   0.00376746
  1.29396985   0.06718589   0.00388550
  1.34371859   0.06633391   0.00400085
  1.39346734   0.07080576   0.00411346
  1.44321608   0.07224499   0.00422329
  1.49296482   0.08096553   0.00433030
  1.54271357   0.08005234   0.00443449
  1.59246231   0.08060856   0.00453582
  1.64221106   0.07811535   0.00463429
  1.69195980   0.07879068   0.00472989
  1.74170854   0.08783502   0.00482261
  1.79145729   0.09369506   0.00491247
  1.84120603   0.08416126   0.00499948
  1.89095477   0.08340842   0.00508363
  1.94070352   0.10041780   0.00516495
  1.99045226   0.09362671   0.00524346
  2.04020101   0.09034084   0.00531917
  2.08994975   0.08932103   0.00539212
  2.13969849   0.10423052   0.00546232
  2.18944724   0.10726986   0.00552980
  2.23919598   0.11005657   0.00559460
  2.28894472   0.10492864   0.00565675
  2.33869347   0.10302468   0.00571627
  2.38844221   0.11604239   0.00577321
  2.43819095   0.11213816   0.00582759
  2.48793970   0.09551973   0.00587946
  2.53768844   0.10671488   0.00592886
  2.58743719   0.12248845   0.00597581
  2.63718593   0.10460207   0.00602037
  2.68693467   0.11105037   0.00606256
  2.73668342   0.10799997   0.00610244
  2.78643216   0.11911998   0.00614003
  2.83618090   0.10769818   0.00617539
  2.88592965   0.11278052   0.00620856
  2.93567839   0.10842311   0.00623957
  2.98542714   0.11246846   0.00626846
  3.03517588   0.12095736   0.00629528
  3.08492462   0.11549022   0.00632008
  3.13467337   0.11498203   0.00634289
  3.18442211   0.10952592   0.00636375
  3.23417085   0.10644317   0.00638270
  3.28391960   0.11853547   0.00639979
  3.33366834   0.11958965   0.00641506
  3.38341709   0.11886271   0.00642855
  3.43316583   0.10493720   0.00644030
  3.48291457   0.12161995   0.00645035
  3.53266332   0.11890556   0.00645874
  3.58241206   0.12554743   0.00646551
  3.63216080   0.11845037   0.00647070
  3.68190955   0.11887377   0.00647434
  3.73165829   0.11383441   0.00647649
  3.78140704   0.11105081   0.00647717
  3.83115578   0.11583936   0.00647642
  3.88090452   0.12713626   0.00647428
  3.93065327   0.12930294   0.00647079
  3.98040201   0.10891993   0.00646599
  4.03015075   0.11992297   0.00645990
  4.07989950   0.11712753   0.00645257
  4.12964824   0.11781657   0.00644403
  4.17939698   0.12213944   0.00643431
  4.22914573   0.11021051   0.00642345
  4.27889447   0.11001229   0.00641149
  4.32864322   0.11800276   0.00639845
  4.37839196   0.11776047   0.00638436
  4.42814070   0.11403361   0.00636927
  4.47788945   0.11389675   0.00635319
  4.52763819   0.12064102   0.00633617
  4.57738693   0.11053032   0.00631823
  4.62713568   0.11307469   0.00629940
  4.67688442   0.11832591   0.00627971
  4.72663317   0.11529367   0.00625920
  4.77638191   0.12264263   0.00623787
  4.82613065   0.11226390   0.00621578
  4.87587940   0.11189842   0.00619294
  4.92562814   0.10925339   0.00616937
  4.97537688   0.10772164   0.00614511
  5.02512563   0.11633326   0.00612019
  5.07487437   0.10209610   0.00609462
  5.12462312   0.10776209   0.00606843
  5.17437186   0.09335036   0.00604164
  5.22412060   0.11320063   0.00601428
  5.27386935   0.11156037   0.00598638
  5.32361809   0.11299949   0.00595795
  5.37336683   0.10073288   0.00592902
  5.42311558   0.10581522   0.00589960
  5.47286432   0.10609781   0.00586973
  5.52261307   0.09469322   0.00583941
  5.57236181   0.09405017   0.00580868
  5.62211055   0.09995909   0.00577755
  5.67185930   0.11090937   0.00574604
  5.72160804   0.11471420   0.00571416
  5.77135678   0.10280999   0.00568195
  5.82110553   0.09157803   0.00564941
  5.87085427   0.10210780   0.00561657
  5.92060302   0.10209471   0.00558343
  5.97035176   0.09867688   0.00555003
  6.02010050   0.09952399   0.00551636
  6.06984925   0.08779663   0.00548246
  6.11959799   0.08900511   0.00544834
  6.16934673   0.10093857   0.00541401
  6.21909548   0.09455104   0.00537948
  6.26884422   0.08639825   0.00534477
  6.31859296   0.09273313   0.00530990
  6.36834171   0.08952059   0.00527488
  6.41809045   0.09663732   0.00523972
  6.46783920   0.09209340   0.00520444
  6.51758794   0.09327911   0.00516904
  6.56733668   0.09349414   0.00513354
  6.61708543   0.08493887   0.00509796
  6.66683417   0.08997276   0.00506230
  6.71658291   0.08817015   0.00502658
  6.76633166   0.09147937   0.00499081
  6.81608040   0.09665487   0.00495499
  6.86582915   0.08820707   0.00491914
  6.91557789   0.08542387   0.00488327
  6.96532663   0.08532231   0.00484739
  7.01507538   0.08150025   0.00481151
  7.06482412   0.07546819   0.00477564
  7.11457286   0.08528816   0.00473978
  7.16432161   0.08019562   0.00470394
  7.21407035   0.08339193   0.00466814
  7.26381910   0.08111641   0.00463239
  7.31356784   0.07792257   0.00459668
  7.36331658   0.08055902   0.00456103
  7.41306533   0.08198298   0.00452545
  7.46281407   0.07871124   0.00448994
  7.51256281   0.07790942   0.00445451
  7.56231156   0.07216006   0.00441916
  7.61206030   0.08162903   0.00438391
  7.66180905   0.08041332   0.00434876
  7.71155779   0.06337975   0.00431372
  7.76130653   0.06487227   0.00427878
  7.81105528   0.07474136   0.00424396
  7.86080402   0.06878444   0.00420927
  7.91055276   0.06657919   0.00417471
  7.96030151   0.08196556   0.00414027
  8.01005025   0.06662947   0.00410598
  8.05979899   0.06467869   0.00407183
  8.10954774   0.07020414   0.00403783
  8.15929648   0.06537954   0.00400397
  8.20904523   0.06308864   0.00397028
  8.25879397   0.06139486   0.00393675
  8.30854271   0.06398074   0.00390337
  8.35829146   0.06763496   0.00387017
  8.40804020   0.05923803   0.00383714
  8.45778894   0.06397927   0.00380429
  8.50753769   0.06360788   0.00377161
  8.55728643   0.06171234   0.00373911
  8.60703518   0.06601535   0.00370680
  8.65678392   0.06408055   0.00367467
  8.70653266   0.07171467   0.00364274
  8.75628141   0.05593458   0.00361099
  8.80603015   0.06037463   0.00357945
  8.85577889   0.06198372   0.00354809
  8.90552764   0.05653262   0.00351694
  8.95527638   0.05978250   0.00348599
  9.00502513   0.06310434   0.00345524
  9.05477387   0.05945742   0.00342470
  9.10452261   0.05911057   0.00339437
  9.15427136   0.05475393   0.00336424
  9.20402010   0.05590007   0.00333432
  9.25376884   0.05259396   0.00330462
  9.30351759   0.05321702   0.00327513
  9.35326633   0.05282055   0.00324585
  9.40301508   0.05576667   0.00321678
  9.45276382   0.05336709   0.00318793
  9.50251256   0.05132816   0.00315930
  9.55226131   0.04965163   0.00313089
  9.60201005   0.04952519   0.00310270
  9.65175879   0.04613537   0.00307472
  9.70150754   0.05146802   0.00304697
  9.75125628   0.05212708   0.00301943
  9.80100503   0.04500340   0.00299212
  9.85075377   0.05256910   0.00296503
  9.90050251   0.04553447   0.00293815
  9.95025126   0.04695629   0.00291150
 10.00000000   0.04694638   0.00288508
