  2.68018855   2.97452970 
 -0.26350463   2.75363425 
  2.92807263   3.59417185 
 -0.21202468   2.92829694 
  2.99707642   3.12091049 
  0.51866351   2.84724505 
  2.63854593   2.61810908 
 -0.14227190   3.43013058 
  2.85190729   3.00688284 
  0.25174996   2.88465373 
  2.92159410   2.60632807 
  0.48876083   3.11443004 
  2.93677138   2.95399331 
 -0.21374074   2.68927009 
  2.18086906   3.19025855 
 -0.29102792   3.42864764 
  2.58764538   3.52674055 
  0.14358488   2.76565674 
  2.79410601   3.62419843 
  0.04113253   2.97997466 
  2.88053829   3.29741428 
  0.03082240   3.25456967 
  2.54668078   3.10474109 
  0.50303529   3.35589401 
  3.20802044   3.33526705 
  0.39415715   2.87536295 
  2.88672327   3.32403739 
  0.11304414   3.54148541 
  3.18203719   3.04055367 
 -0.17729621   2.60289029 
  2.80361890   2.88908910 
 -0.03658546   3.43197170 
  2.49257670   3.24716151 
 -0.02545509   2.70385649 
  3.10508910   3.40963631 
  0.37269589   3.12475239 
  2.74419372   3.15263890 
  0.39701325   3.07298137 
  2.53677323   2.90983356 
  0.59939766   3.10818464 
