  0.57357487  -1.17965776 
  3.37092243  -0.26670077 
  0.10016876   0.16983574 
 -2.20432426   0.72136092 
  0.57357487  -1.17965776 
  3.40592187   0.18629429 
  3.58855206   0.07492261 
  0.25692213   0.30235486 
 -1.17718736   1.04545385 
 -1.67800092   0.09519126 
  1.23910082  -0.61109564 
  1.41808158  -0.74419315 
 -0.73087245   0.72332317 
  3.58855206   0.07492261 
  0.30983937   1.02567870 
  4.02690794   0.26701151 
  0.44386192  -0.34496223 
  3.87015458   0.13449239 
  4.49633820  -0.04200673 
  4.33162580   0.33969374 
  2.40947481   0.85114183 
  1.56566155   0.68601757 
 -3.15706861  -0.39925317 
  0.12720918   1.13705039 
  0.97018527  -0.97113189 
  4.02690794   0.26701151 
 -3.15706861  -0.39925317 
  0.11210364  -1.38485911 
 -4.18022967  -1.76382137 
 -1.67004189  -0.41902832 
 -0.21648398   1.65184836 
 -0.52120184   1.57916613 
 -2.32210234   0.00136160 
  0.79120450  -0.83803438 
  0.44386192  -0.34496223 
  2.56141515  -0.24917032 
  0.12720918   1.13705039 
  0.30983937   1.02567870 
 -1.17718736   1.04545385 
  0.30983937   1.02567870 
  1.26132822  -0.87671226 
  3.40592187   0.18629429 
  0.41682150  -1.31217688 
 -0.16949887  -1.44442889 
  3.58855206   0.07492261 
  4.33162580   0.33969374 
  3.87015458   0.13449239 
 -4.13924731   0.51419733 
 -0.73087245   0.72332317 
  2.04702668  -1.17769552 
  1.73037394   0.30431710 
  1.26132822  -0.87671226 
 -1.53879831   1.28992304 
 -0.69582222  -0.81825924 
 -1.17718736   1.04545385 
 -4.93523829  -0.47389765 
  4.19162033  -0.11468896 
  0.57357487  -1.17965776 
  1.23910082  -0.61109564 
 -1.98669463   1.06298430 
 -0.07052655  -1.27348743 
 -3.47372136   1.08275945 
 -5.29684925  -0.22942846 
 -3.00031525  -0.26673406 
 -1.19663578  -1.76852182 
  3.87015458   0.13449239 
  1.29201806   0.11222820 
  0.44386192  -0.34496223 
  0.57357487  -1.17965776 
 -3.00031525  -0.26673406 
 -3.32178101  -0.01755270 
 -2.51301798   1.68915396 
  0.26488116  -0.21186473 
 -3.47372136   1.08275945 
  1.60071178  -0.85556483 
 -1.98669463   1.06298430 
  0.60061528  -0.21244312 
  0.76569471   0.73839786 
  3.58855206   0.07492261 
  4.02690794   0.26701151 
  0.75255563  -1.31275527 
  0.22623228  -0.68658561 
 -2.20432426   0.72136092 
 -3.13002820   0.56796148 
 -4.00522476  -0.85644361 
  4.02690794   0.26701151 
 -3.42080411   1.80608330 
 -3.47372136   1.08275945 
 -4.18420552  -0.72334610 
  4.33162580   0.33969374 
 -3.65788217  -1.34951576 
 -3.65788217  -1.34951576 
 -0.26940122   0.92852452 
 -3.63084176  -0.38230111 
 -4.13924731   0.51419733 
 -1.17718736   1.04545385 
 -3.47890141  -1.48261327 
 -3.15706861  -0.39925317 
  3.40592187   0.18629429 
  1.44877143   0.24474732
