  3.06620901   3.24179618
  0.71979011   0.60362356
  4.87835078   0.60231920
 -0.35832293   2.67114289
  3.02614771   3.30390670
  1.16297660   1.35095259
  5.15133238   0.97876286
  0.47877962   2.93463410
  3.87905392   3.27682376
  0.92988230   0.44278391
  4.76762173   0.67705438
  0.40672399   2.82686121
  2.94042148   3.88084842
  1.08688480   0.17664120
  4.88286929   0.91791182
 -0.06668026   2.77409241
  3.59215841   3.64267799
  0.46921553   0.33090096
  4.80239036   0.90684132
  0.56645585   3.38688088
  3.71292832   3.57623344
  0.84781976   0.61011445
  4.75536253   1.00358004
  0.53427624   3.19478434
  3.40706877   3.39777773
  1.07988066   0.47550742
  5.06429146   0.96219869
  0.31938934   2.62120779
  3.89426861   3.62511628
  0.17728212   0.31237632
  4.89768910   0.25193700
  0.63330224   2.87600011
  3.68445352   2.99381598
  0.94977377   1.14913289
  5.21321206   1.09336308
  0.34401107   2.78847734
  3.15792775   3.97590838
  0.48481584   0.77717840
  5.11275442   1.47750933
  0.06600859   3.24643868
  3.33980799   3.39551757
  1.11710228   0.35561528
  5.17934899   1.38375619
  0.18963279   3.58466982
  3.28788666   4.16868082
  0.88561422   0.72156727
  4.72117128   0.27019407
  0.06777866   2.98249899
  3.73922652   2.83018440
  0.31397424   0.50907336
  5.00889421   1.58058807
  0.07003657   2.86227388
  3.77483728   3.17492874
  0.55598068   0.16237604
  5.34785522   1.00114850
  0.65664824   2.66972900
  3.79315805   3.94746059
  1.07126831   0.64542988
  4.51227424   1.22723092
  0.36808017   2.57178421
  3.64982136   3.97298888
  0.99697047   0.70958193
  5.38179611   0.85155883
 -0.23699937   2.63909608
  3.71720658   3.05908341
  1.30216736   0.71374603
  5.03105534   0.97101234
  0.14195839   2.63250611
  3.63131995   3.72254581
  1.38110168   0.42922941
  5.23757786   0.54736998
  0.55135293   2.81047807
  3.55613913   3.84659611
  0.26702078   0.67394705
  4.66945455   0.38811216
  0.35422577   2.68462611
  3.36953001   3.35786249
  0.76005754   0.47128522
  5.25882066   0.61121037
  0.08549524   2.95398875