0.37507809 0.54405472 
0.08082587 0.05599915 
0.52997742 0.73421558 
0.92379515 0.13489106 
0.57620760 0.47297457 
0.37970018 0.53575544 
0.08264173 0.05132742 
0.54050135 0.79114224 
0.93229007 0.13641205 
0.56212080 0.46294166 
0.37279836 0.54875422 
0.08052580 0.07865501 
0.51922692 0.76913648 
0.94846795 0.13069618 
0.59964924 0.43536958 
0.35977102 0.55254749 
0.11938281 0.06258236 
0.52192225 0.77976715 
0.92769727 0.14946312 
0.56918956 0.48574990 
0.39449267 0.56319623 
0.07358050 0.05650893 
0.51480936 0.77439499 
0.93222142 0.10944093 
0.58757442 0.44675626 
